chain, residue_label, residue_name, score, zscore, probability, pocket
A,   -1, GLY,  0.0457,  -0.3540,   0.0009, 0
A,    0, ALA,  0.0829,  -0.3332,   0.0018, 0
A,    1, MET,  0.1252,  -0.3097,   0.0033, 0
A,    2, ASN,  0.1128,  -0.3166,   0.0028, 0
A,    3, TRP,  0.1356,  -0.3039,   0.0037, 0
A,    4, THR,  0.0684,  -0.3413,   0.0014, 0
A,    5, VAL,  0.1653,  -0.2873,   0.0050, 0
A,    6, ASP,  0.0199,  -0.3684,   0.0005, 0
A,    7, ILE,  0.3259,  -0.1978,   0.0162, 0
A,    8, PRO,  0.0466,  -0.3535,   0.0009, 0
A,    9, ILE,  0.3697,  -0.1734,   0.0204, 0
A,   10, ASP,  0.2114,  -0.2616,   0.0075, 0
A,   11, GLN,  0.0357,  -0.3596,   0.0007, 0
A,   12, LEU,  0.0894,  -0.3296,   0.0020, 0
A,   13, PRO,  0.0201,  -0.3683,   0.0005, 0
A,   14, SER,  0.0141,  -0.3716,   0.0004, 0
A,   15, LEU,  0.0782,  -0.3359,   0.0017, 0
A,   16, PRO,  0.0635,  -0.3441,   0.0013, 0
A,   17, PRO,  0.1574,  -0.2917,   0.0047, 0
A,   18, LEU,  0.5500,  -0.0729,   0.0433, 0
A,   19, PRO,  0.0503,  -0.3514,   0.0010, 0
A,   20, THR,  0.0137,  -0.3718,   0.0004, 0
A,   21, ASP,  0.0350,  -0.3599,   0.0007, 0
A,   22, LEU,  0.0676,  -0.3418,   0.0014, 0
A,   23, ARG,  0.4883,  -0.1073,   0.0343, 0
A,   24, THR,  0.0139,  -0.3717,   0.0004, 0
A,   25, ARG,  0.2471,  -0.2417,   0.0099, 0
A,   26, LEU,  0.5171,  -0.0912,   0.0384, 0
A,   27, ASP,  0.3453,  -0.1870,   0.0180, 0
A,   28, ALA,  0.2459,  -0.2424,   0.0098, 0
A,   29, ALA,  0.2557,  -0.2369,   0.0105, 0
A,   30, LEU,  0.1308,  -0.3066,   0.0035, 8
A,   31, ALA,  0.0081,  -0.3750,   0.0003, 0
A,   32, LYS,  0.2997,  -0.2124,   0.0139, 0
A,   33, PRO,  0.0246,  -0.3657,   0.0006, 0
A,   34, ALA,  0.0559,  -0.3483,   0.0011, 0
A,   35, ALA,  0.0530,  -0.3499,   0.0011, 0
A,   36, GLN,  0.0686,  -0.3412,   0.0014, 0
A,   37, GLN,  0.1856,  -0.2760,   0.0061, 8
A,   38, PRO,  0.0932,  -0.3275,   0.0021, 0
A,   39, THR,  0.0877,  -0.3306,   0.0020, 0
A,   40, TRP,  0.1077,  -0.3194,   0.0026, 8
A,   41, PRO,  0.0402,  -0.3571,   0.0008, 0
A,   42, ALA,  0.1038,  -0.3216,   0.0025, 8
A,   43, ASP,  0.0251,  -0.3655,   0.0006, 0
A,   44, GLN,  0.0851,  -0.3320,   0.0019, 0
A,   45, ALA,  0.1355,  -0.3039,   0.0037, 8
A,   46, LEU,  0.1711,  -0.2841,   0.0053, 0
A,   47, ALA,  0.0452,  -0.3542,   0.0009, 0
A,   48, MET,  0.1117,  -0.3172,   0.0027, 0
A,   49, ARG,  0.6952,   0.0080,   0.0687, 8
A,   50, THR,  0.0707,  -0.3401,   0.0015, 0
A,   51, VAL,  0.3121,  -0.2055,   0.0150, 0
A,   52, LEU,  0.2521,  -0.2390,   0.0102, 0
A,   53, GLU,  0.6437,  -0.0206,   0.0589, 0
A,   54, SER,  0.0456,  -0.3540,   0.0009, 0
A,   55, VAL,  0.3843,  -0.1652,   0.0219, 0
A,   56, PRO,  0.1259,  -0.3093,   0.0033, 0
A,   57, PRO,  0.1656,  -0.2871,   0.0050, 0
A,   58, VAL,  0.0209,  -0.3678,   0.0005, 0
A,   59, THR,  0.1663,  -0.2867,   0.0051, 0
A,   60, VAL,  0.1496,  -0.2961,   0.0043, 0
A,   61, PRO,  0.2756,  -0.2258,   0.0120, 0
A,   62, SER,  0.1479,  -0.2970,   0.0042, 0
A,   63, GLU,  0.1850,  -0.2763,   0.0060, 10
A,   64, ILE,  0.1619,  -0.2892,   0.0049, 0
A,   65, VAL,  0.8402,   0.0889,   0.1006, 0
A,   66, ARG,  0.0972,  -0.3253,   0.0022, 0
A,   67, LEU,  0.0192,  -0.3688,   0.0005, 0
A,   68, GLN,  0.6720,  -0.0049,   0.0642, 0
A,   69, GLU,  0.0496,  -0.3518,   0.0010, 0
A,   70, GLN,  0.1346,  -0.3044,   0.0036, 0
A,   71, LEU,  0.1233,  -0.3107,   0.0032, 0
A,   72, ALA,  0.0174,  -0.3698,   0.0005, 0
A,   73, GLN,  0.1103,  -0.3180,   0.0027, 0
A,   74, VAL,  0.0563,  -0.3481,   0.0012, 0
A,   75, ALA,  0.2199,  -0.2569,   0.0081, 0
A,   76, LYS,  0.1768,  -0.2809,   0.0056, 0
A,   77, GLY,  0.2513,  -0.2394,   0.0102, 0
A,   78, GLU,  0.0114,  -0.3731,   0.0004, 0
A,   79, ALA,  0.1781,  -0.2802,   0.0057, 0
A,   80, PHE,  0.3494,  -0.1847,   0.0184, 0
A,   81, LEU,  0.1284,  -0.3079,   0.0034, 7
A,   82, LEU,  0.0000,  -0.3795,   0.0002, 0
A,   83, GLN,  0.2557,  -0.2369,   0.0105, 7
A,   84, GLY,  0.0692,  -0.3409,   0.0015, 0
A,   85, GLY,  0.1150,  -0.3154,   0.0029, 0
A,   86, ASP,  1.0956,   0.2312,   0.1669, 2
A,   87, CYS,  5.1338,   2.4821,   0.8337, 0
A,   88, ALA,  0.7099,   0.0162,   0.0717, 2
A,   89, GLU,  0.4874,  -0.1078,   0.0342, 9
A,   90, THR,  1.3046,   0.3477,   0.2263, 2
A,   91, PHE,  1.1036,   0.2357,   0.1692, 3
A,   92, MET,  0.4564,  -0.1251,   0.0302, 3
A,   93, ASP,  1.2661,   0.3263,   0.2152, 2
A,   94, ASN,  0.3285,  -0.1964,   0.0165, 9
A,   95, THR,  0.2598,  -0.2346,   0.0108, 0
A,   96, GLU,  0.1693,  -0.2851,   0.0052, 0
A,   97, PRO,  0.0645,  -0.3435,   0.0013, 0
A,   98, HIS,  1.1373,   0.2545,   0.1786, 2
A,   99, ILE,  0.3166,  -0.2030,   0.0154, 9
A,  100, ARG,  0.2454,  -0.2427,   0.0098, 0
A,  101, GLY,  0.1192,  -0.3130,   0.0030, 0
A,  102, ASN,  0.1912,  -0.2729,   0.0064, 9
A,  103, VAL,  0.0692,  -0.3409,   0.0015, 0
A,  104, ARG,  0.9141,   0.1301,   0.1188, 0
A,  105, ALA,  0.0000,  -0.3795,   0.0002, 0
A,  106, LEU,  0.1122,  -0.3169,   0.0028, 0
A,  107, LEU,  0.7245,   0.0244,   0.0748, 5
A,  108, GLN,  0.8964,   0.1202,   0.1142, 0
A,  109, MET,  0.0000,  -0.3795,   0.0002, 0
A,  110, ALA,  0.6072,  -0.0410,   0.0525, 5
A,  111, VAL,  1.5729,   0.4973,   0.3029, 5
A,  112, VAL,  0.3642,  -0.1765,   0.0198, 0
A,  113, LEU,  0.0000,  -0.3795,   0.0002, 0
A,  114, THR,  1.1331,   0.2522,   0.1774, 5
A,  115, TYR,  1.0981,   0.2326,   0.1676, 0
A,  116, GLY,  0.1716,  -0.2838,   0.0053, 0
A,  117, ALA,  0.2836,  -0.2214,   0.0126, 6
A,  118, SER,  0.2025,  -0.2666,   0.0070, 0
A,  119, MET,  0.4210,  -0.1448,   0.0259, 6
A,  120, PRO,  0.2640,  -0.2323,   0.0111, 5
A,  121, VAL,  0.4583,  -0.1240,   0.0304, 5
A,  122, VAL,  0.1717,  -0.2837,   0.0053, 0
A,  123, LYS,  0.4692,  -0.1179,   0.0318, 5
A,  124, VAL,  0.0982,  -0.3247,   0.0023, 0
A,  125, ALA,  0.0692,  -0.3409,   0.0015, 0
A,  126, ARG,  6.2215,   3.0884,   0.8898, 9
A,  127, ILE,  0.1946,  -0.2710,   0.0066, 9
A,  128, ALA,  0.0915,  -0.3285,   0.0021, 0
A,  129, GLY,  0.2528,  -0.2386,   0.0103, 0
A,  130, GLN,  3.6380,   1.6484,   0.7007, 0
A,  131, TYR,  0.2805,  -0.2231,   0.0124, 0
A,  132, ALA,  0.8550,   0.0971,   0.1041, 0
A,  133, LYS,  7.1383,   3.5994,   0.9216, 1
A,  134, PRO,  8.0814,   4.1251,   0.9441, 1
A,  135, ARG,  1.0059,   0.1812,   0.1425, 1
A,  136, SER,  0.3673,  -0.1748,   0.0201, 1
A,  137, ALA,  0.1151,  -0.3153,   0.0029, 4
A,  138, ASP,  0.0993,  -0.3241,   0.0023, 0
A,  139, ILE,  0.0412,  -0.3565,   0.0008, 0
A,  140, ASP,  0.3752,  -0.1703,   0.0209, 4
A,  141, ALA,  0.0885,  -0.3301,   0.0020, 0
A,  142, LEU,  0.2708,  -0.2285,   0.0116, 0
A,  143, GLY,  0.0140,  -0.3717,   0.0004, 0
A,  144, LEU,  0.0377,  -0.3584,   0.0008, 0
A,  145, ARG,  0.0961,  -0.3259,   0.0022, 0
A,  146, SER,  0.2541,  -0.2378,   0.0104, 4
A,  147, TYR,  0.9993,   0.1776,   0.1407, 4
A,  148, ARG,  0.0857,  -0.3317,   0.0019, 0
A,  149, GLY,  0.0000,  -0.3795,   0.0002, 0
A,  150, ASP,  0.7984,   0.0656,   0.0908, 3
A,  151, MET,  0.2528,  -0.2386,   0.0103, 0
A,  152, ILE,  0.0004,  -0.3792,   0.0002, 0
A,  153, ASN,  0.7819,   0.0564,   0.0872, 0
A,  154, GLY,  0.8790,   0.1105,   0.1100, 3
A,  155, PHE,  1.6260,   0.5269,   0.3173, 3
A,  156, ALA,  0.8919,   0.1177,   0.1131, 3
A,  157, PRO,  0.1170,  -0.3143,   0.0029, 0
A,  158, ASP,  0.0547,  -0.3490,   0.0011, 0
A,  159, ALA,  0.0091,  -0.3744,   0.0003, 0
A,  160, ALA,  0.0286,  -0.3635,   0.0006, 0
A,  161, ALA,  0.2392,  -0.2461,   0.0094, 3
A,  162, ARG,  0.4490,  -0.1292,   0.0293, 0
A,  163, GLU,  0.0120,  -0.3728,   0.0004, 0
A,  164, HIS,  0.0727,  -0.3389,   0.0015, 0
A,  165, ASP,  0.4987,  -0.1015,   0.0357, 0
A,  166, PRO,  0.0655,  -0.3430,   0.0014, 0
A,  167, SER,  0.5297,  -0.0842,   0.0403, 0
A,  168, ARG,  1.3097,   0.3506,   0.2278, 3
A,  169, LEU,  0.0031,  -0.3777,   0.0003, 0
A,  170, VAL,  0.4641,  -0.1208,   0.0311, 0
A,  171, ARG,  1.6123,   0.5192,   0.3136, 3
A,  172, ALA,  0.0020,  -0.3784,   0.0003, 0
A,  173, TYR,  0.3985,  -0.1574,   0.0234, 0
A,  174, ALA,  0.4106,  -0.1506,   0.0247, 0
A,  175, ASN,  0.4901,  -0.1063,   0.0346, 0
A,  176, ALA,  0.0031,  -0.3777,   0.0003, 0
A,  177, SER,  0.1154,  -0.3152,   0.0029, 0
A,  178, ALA,  0.1727,  -0.2832,   0.0054, 0
A,  179, ALA,  0.1830,  -0.2774,   0.0059, 0
A,  180, MET,  0.2108,  -0.2619,   0.0075, 0
A,  181, ASN,  0.0424,  -0.3558,   0.0009, 0
A,  182, LEU,  0.1559,  -0.2926,   0.0046, 0
A,  183, VAL,  0.0206,  -0.3680,   0.0005, 0
A,  184, ARG,  0.1815,  -0.2783,   0.0058, 10
A,  185, ALA,  0.0525,  -0.3502,   0.0011, 0
A,  186, LEU,  0.0676,  -0.3418,   0.0014, 0
A,  187, THR,  0.0321,  -0.3615,   0.0007, 0
A,  188, SER,  0.0317,  -0.3618,   0.0007, 0
A,  189, SER,  0.0788,  -0.3355,   0.0017, 0
A,  190, GLY,  0.1901,  -0.2735,   0.0063, 0
A,  191, LEU,  0.6654,  -0.0086,   0.0629, 0
A,  192, ALA,  0.7036,   0.0127,   0.0704, 5
A,  193, SER,  0.5851,  -0.0533,   0.0489, 0
A,  194, LEU,  1.7554,   0.5990,   0.3523, 5
A,  195, HIS,  0.4267,  -0.1416,   0.0266, 0
A,  196, LEU,  0.4356,  -0.1367,   0.0277, 0
A,  197, VAL,  0.6505,  -0.0169,   0.0601, 0
A,  198, HIS,  0.3724,  -0.1719,   0.0206, 0
A,  199, ASP,  0.0829,  -0.3332,   0.0018, 0
A,  200, TRP,  1.0093,   0.1831,   0.1434, 0
A,  201, ASN,  0.1389,  -0.3020,   0.0038, 0
A,  202, ARG,  0.1597,  -0.2904,   0.0048, 0
A,  203, GLU,  0.5245,  -0.0871,   0.0395, 0
A,  204, PHE,  0.2773,  -0.2249,   0.0121, 0
A,  205, VAL,  0.1134,  -0.3163,   0.0028, 0
A,  206, ARG,  0.0818,  -0.3339,   0.0018, 0
A,  207, THR,  0.1320,  -0.3059,   0.0035, 0
A,  208, SER,  0.0668,  -0.3422,   0.0014, 0
A,  209, PRO,  0.1295,  -0.3073,   0.0034, 0
A,  210, ALA,  0.3162,  -0.2032,   0.0153, 0
A,  211, GLY,  0.0459,  -0.3539,   0.0009, 0
A,  212, ALA,  0.0509,  -0.3511,   0.0010, 0
A,  213, ARG,  0.7881,   0.0598,   0.0885, 0
A,  214, TYR,  0.5417,  -0.0775,   0.0420, 0
A,  215, GLU,  0.0974,  -0.3252,   0.0022, 0
A,  216, ALA,  0.0175,  -0.3697,   0.0005, 0
A,  217, LEU,  0.0170,  -0.3700,   0.0004, 0
A,  218, ALA,  0.1341,  -0.3047,   0.0036, 0
A,  219, THR,  0.1420,  -0.3003,   0.0040, 0
A,  220, GLU,  0.1683,  -0.2857,   0.0052, 0
A,  221, ILE,  0.8626,   0.1014,   0.1059, 0
A,  222, ASP,  0.3462,  -0.1865,   0.0181, 0
A,  223, ARG,  0.1530,  -0.2942,   0.0045, 0
A,  224, GLY,  1.0333,   0.1965,   0.1499, 0
A,  225, LEU,  1.2830,   0.3357,   0.2200, 0
A,  226, ARG,  0.1844,  -0.2767,   0.0060, 0
A,  227, PHE,  0.3636,  -0.1768,   0.0198, 0
A,  228, MET,  1.4114,   0.4072,   0.2572, 0
A,  229, SER,  0.3937,  -0.1600,   0.0229, 0
A,  230, ALA,  0.0545,  -0.3491,   0.0011, 0
A,  231, CYS,  0.3142,  -0.2043,   0.0152, 0
A,  232, GLY,  0.1199,  -0.3126,   0.0031, 0
A,  233, VAL,  0.4554,  -0.1256,   0.0301, 0
A,  234, ALA,  0.0806,  -0.3345,   0.0018, 0
A,  235, ASP,  0.1045,  -0.3212,   0.0025, 0
A,  236, ARG,  0.0056,  -0.3763,   0.0003, 0
A,  237, ASN,  0.0274,  -0.3642,   0.0006, 0
A,  238, LEU,  0.2428,  -0.2441,   0.0096, 5
A,  239, GLN,  0.0676,  -0.3418,   0.0014, 5
A,  240, THR,  0.0429,  -0.3556,   0.0009, 0
A,  241, ALA,  0.2309,  -0.2507,   0.0088, 5
A,  242, GLU,  0.3153,  -0.2037,   0.0153, 10
A,  243, ILE,  0.1958,  -0.2703,   0.0066, 10
A,  244, TYR,  0.1577,  -0.2915,   0.0047, 10
A,  245, ALA,  0.0704,  -0.3402,   0.0015, 0
A,  246, SER,  0.1546,  -0.2933,   0.0045, 0
A,  247, HIS,  0.2575,  -0.2359,   0.0106, 0
A,  248, GLU,  7.0886,   3.5717,   0.9204, 1
A,  249, ALA,  0.3261,  -0.1977,   0.0162, 0
A,  250, LEU,  0.3263,  -0.1976,   0.0163, 0
A,  251, VAL,  0.2283,  -0.2522,   0.0086, 0
A,  252, LEU,  0.1755,  -0.2817,   0.0055, 8
A,  253, ASP,  0.2070,  -0.2641,   0.0073, 8
A,  254, TYR,  0.2259,  -0.2535,   0.0085, 0
A,  255, GLU,  0.3261,  -0.1977,   0.0162, 0
A,  256, ARG,  0.7312,   0.0281,   0.0762, 8
A,  257, ALA,  0.2984,  -0.2131,   0.0138, 0
A,  258, MET,  0.0474,  -0.3530,   0.0010, 0
A,  259, LEU,  0.3595,  -0.1791,   0.0194, 0
A,  260, ARG,  0.1738,  -0.2826,   0.0054, 0
A,  261, LEU,  0.1558,  -0.2926,   0.0046, 0
A,  262, SER,  0.2206,  -0.2565,   0.0081, 0
A,  263, ASP,  0.1976,  -0.2693,   0.0067, 0
A,  264, GLY,  0.1260,  -0.3092,   0.0033, 0
A,  265, ASP,  0.1117,  -0.3172,   0.0027, 0
A,  266, ASP,  0.2309,  -0.2508,   0.0088, 0
A,  267, GLY,  0.1823,  -0.2778,   0.0059, 0
A,  268, GLU,  0.1345,  -0.3045,   0.0036, 0
A,  269, PRO,  0.1130,  -0.3164,   0.0028, 0
A,  270, GLN,  1.2535,   0.3192,   0.2115, 0
A,  271, LEU,  0.1087,  -0.3189,   0.0026, 0
A,  272, PHE,  0.7027,   0.0122,   0.0702, 0
A,  273, ASP,  0.0000,  -0.3795,   0.0002, 0
A,  274, LEU,  0.1535,  -0.2939,   0.0045, 0
A,  275, SER,  0.0000,  -0.3795,   0.0002, 0
A,  276, ALA,  0.0000,  -0.3795,   0.0002, 0
A,  277, HIS,  0.1413,  -0.3007,   0.0039, 10
A,  278, THR,  0.2557,  -0.2369,   0.0105, 7
A,  279, VAL,  0.2861,  -0.2200,   0.0128, 7
A,  280, TRP,  6.0363,   2.9852,   0.8820, 1
A,  281, ILE,  1.1493,   0.2612,   0.1820, 0
A,  282, GLY,  4.5543,   2.1591,   0.7916, 1
A,  283, GLU,  4.5093,   2.1340,   0.7881, 1
A,  284, ARG,  8.2346,   4.2105,   0.9472, 1
A,  285, THR,  0.0035,  -0.3775,   0.0003, 0
A,  286, ARG,  0.0716,  -0.3396,   0.0015, 0
A,  287, GLN,  0.0910,  -0.3287,   0.0021, 0
A,  288, ILE,  0.0636,  -0.3440,   0.0013, 0
A,  289, ASP,  0.0222,  -0.3671,   0.0005, 0
A,  290, GLY,  0.0044,  -0.3770,   0.0003, 0
A,  291, ALA,  0.0871,  -0.3309,   0.0019, 0
A,  292, HIS,  0.0736,  -0.3384,   0.0016, 0
A,  293, ILE,  0.0878,  -0.3305,   0.0020, 0
A,  294, ALA,  0.2722,  -0.2277,   0.0117, 0
A,  295, PHE,  0.1623,  -0.2890,   0.0049, 0
A,  296, ALA,  0.1686,  -0.2855,   0.0052, 0
A,  297, GLN,  0.5240,  -0.0874,   0.0394, 0
A,  298, VAL,  0.2923,  -0.2165,   0.0134, 0
A,  299, ILE,  0.3648,  -0.1761,   0.0199, 0
A,  300, ALA,  1.0680,   0.2158,   0.1594, 0
A,  301, ASN,  0.2833,  -0.2215,   0.0126, 0
A,  302, PRO,  0.2127,  -0.2609,   0.0076, 0
A,  303, VAL,  0.2459,  -0.2424,   0.0098, 0
A,  304, GLY,  0.2459,  -0.2424,   0.0098, 7
A,  305, VAL,  0.1273,  -0.3085,   0.0033, 0
A,  306, LYS,  7.3580,   3.7219,   0.9276, 1
A,  307, LEU,  0.0000,  -0.3795,   0.0002, 0
A,  308, GLY,  0.0303,  -0.3626,   0.0006, 0
A,  309, PRO,  0.1096,  -0.3184,   0.0027, 0
A,  310, ASN,  0.0292,  -0.3632,   0.0006, 0
A,  311, MET,  0.0659,  -0.3428,   0.0014, 0
A,  312, THR,  0.0207,  -0.3679,   0.0005, 0
A,  313, PRO,  0.0132,  -0.3721,   0.0004, 0
A,  314, GLU,  0.0063,  -0.3759,   0.0003, 0
A,  315, LEU,  0.0712,  -0.3398,   0.0015, 0
A,  316, ALA,  0.0000,  -0.3795,   0.0002, 0
A,  317, VAL,  0.0217,  -0.3674,   0.0005, 0
A,  318, GLU,  0.0095,  -0.3742,   0.0003, 0
A,  319, TYR,  0.0657,  -0.3428,   0.0014, 0
A,  320, VAL,  0.0082,  -0.3749,   0.0003, 0
A,  321, GLU,  0.0252,  -0.3654,   0.0006, 0
A,  322, ARG,  0.0893,  -0.3297,   0.0020, 0
A,  323, LEU,  0.1997,  -0.2681,   0.0068, 0
A,  324, ASP,  0.1924,  -0.2722,   0.0064, 0
A,  325, PRO,  0.2809,  -0.2229,   0.0124, 0
A,  326, HIS,  0.5103,  -0.0950,   0.0374, 0
A,  327, ASN,  0.0475,  -0.3530,   0.0010, 0
A,  328, LYS,  1.1610,   0.2677,   0.1853, 0
A,  329, PRO,  0.0165,  -0.3702,   0.0004, 0
A,  330, GLY,  0.0086,  -0.3746,   0.0003, 0
A,  331, ARG,  0.4316,  -0.1389,   0.0272, 0
A,  332, LEU,  0.0058,  -0.3762,   0.0003, 0
A,  333, THR,  0.2557,  -0.2369,   0.0105, 7
A,  334, LEU,  0.0000,  -0.3795,   0.0002, 0
A,  335, VAL,  0.1950,  -0.2708,   0.0066, 0
A,  336, SER,  0.0000,  -0.3795,   0.0002, 0
A,  337, ARG,  3.6291,   1.6434,   0.6996, 1
A,  338, MET,  0.0872,  -0.3309,   0.0019, 0
A,  339, GLY,  0.0829,  -0.3333,   0.0018, 0
A,  340, ASN,  0.0326,  -0.3613,   0.0007, 0
A,  341, HIS,  0.1026,  -0.3223,   0.0024, 0
A,  342, LYS,  0.0894,  -0.3296,   0.0020, 0
A,  343, VAL,  0.0033,  -0.3776,   0.0003, 0
A,  344, ARG,  0.0149,  -0.3711,   0.0004, 0
A,  345, ASP,  0.0173,  -0.3698,   0.0005, 0
A,  346, LEU,  0.0162,  -0.3704,   0.0004, 0
A,  347, LEU,  0.0055,  -0.3764,   0.0003, 0
A,  348, PRO,  0.0081,  -0.3749,   0.0003, 0
A,  349, PRO,  0.0111,  -0.3733,   0.0004, 0
A,  350, ILE,  0.0089,  -0.3745,   0.0003, 0
A,  351, VAL,  0.0060,  -0.3761,   0.0003, 0
A,  352, GLU,  0.0082,  -0.3749,   0.0003, 0
A,  353, LYS,  0.0134,  -0.3720,   0.0004, 0
A,  354, VAL,  0.0007,  -0.3791,   0.0002, 0
A,  355, GLN,  0.2306,  -0.2509,   0.0088, 0
A,  356, ALA,  0.0131,  -0.3721,   0.0004, 0
A,  357, THR,  0.0277,  -0.3640,   0.0006, 0
A,  358, GLY,  0.0242,  -0.3660,   0.0006, 0
A,  359, HIS,  0.1625,  -0.2889,   0.0049, 0
A,  360, GLN,  0.1918,  -0.2725,   0.0064, 0
A,  361, VAL,  0.1806,  -0.2788,   0.0058, 0
A,  362, ILE,  0.1195,  -0.3129,   0.0030, 0
A,  363, TRP,  0.1719,  -0.2837,   0.0053, 0
A,  364, GLN,  0.2557,  -0.2369,   0.0105, 0
A,  365, CYS,  0.0000,  -0.3795,   0.0002, 0
A,  366, ASP,  2.4203,   0.9696,   0.5059, 0
A,  367, PRO,  0.0000,  -0.3795,   0.0002, 0
A,  368, MET,  0.0028,  -0.3779,   0.0003, 0
A,  369, HIS,  9.1641,   4.7286,   0.9626, 1
A,  370, GLY,  0.2934,  -0.2159,   0.0134, 0
A,  371, ASN,  0.1026,  -0.3223,   0.0024, 0
A,  372, THR,  0.3126,  -0.2052,   0.0150, 1
A,  373, HIS,  0.1652,  -0.2874,   0.0050, 0
A,  374, GLU,  0.0171,  -0.3700,   0.0004, 0
A,  375, SER,  0.0021,  -0.3783,   0.0003, 0
A,  376, SER,  0.0022,  -0.3782,   0.0003, 0
A,  377, THR,  0.0405,  -0.3569,   0.0008, 0
A,  378, GLY,  0.1624,  -0.2889,   0.0049, 0
A,  379, PHE,  0.3005,  -0.2120,   0.0140, 0
A,  380, LYS,  1.9523,   0.7088,   0.4017, 1
A,  381, THR,  0.0025,  -0.3780,   0.0003, 0
A,  382, ARG,  1.5349,   0.4761,   0.2924, 0
A,  383, HIS,  0.4871,  -0.1079,   0.0342, 0
A,  384, PHE,  0.7598,   0.0440,   0.0822, 0
A,  385, ASP,  0.8388,   0.0881,   0.1002, 0
A,  386, ARG,  0.2281,  -0.2523,   0.0086, 0
A,  387, ILE,  0.0000,  -0.3795,   0.0002, 0
A,  388, VAL,  0.2924,  -0.2165,   0.0134, 0
A,  389, ASP,  0.0364,  -0.3591,   0.0008, 0
A,  390, GLU,  0.0000,  -0.3795,   0.0002, 0
A,  391, VAL,  0.0000,  -0.3795,   0.0002, 0
A,  392, GLN,  0.0716,  -0.3396,   0.0015, 0
A,  393, GLY,  0.0007,  -0.3791,   0.0002, 0
A,  394, PHE,  0.0000,  -0.3795,   0.0002, 0
A,  395, PHE,  0.3085,  -0.2075,   0.0147, 6
A,  396, GLU,  0.0110,  -0.3733,   0.0004, 0
A,  397, VAL,  0.0059,  -0.3762,   0.0003, 0
A,  398, HIS,  0.0095,  -0.3741,   0.0003, 0
A,  399, ARG,  0.0488,  -0.3522,   0.0010, 0
A,  400, ALA,  0.0111,  -0.3733,   0.0004, 0
A,  401, LEU,  0.0228,  -0.3667,   0.0005, 0
A,  402, GLY,  0.0730,  -0.3387,   0.0016, 0
A,  403, THR,  0.2831,  -0.2217,   0.0126, 0
A,  404, HIS,  0.5454,  -0.0754,   0.0426, 6
A,  405, PRO,  0.3789,  -0.1683,   0.0213, 6
A,  406, GLY,  0.0766,  -0.3368,   0.0016, 0
A,  407, GLY,  0.0000,  -0.3795,   0.0002, 0
A,  408, ILE,  0.0000,  -0.3795,   0.0002, 0
A,  409, HIS,  0.8056,   0.0696,   0.0925, 0
A,  410, VAL,  0.0000,  -0.3795,   0.0002, 0
A,  411, GLU,  6.0395,   2.9870,   0.8821, 0
A,  412, ILE,  0.0431,  -0.3554,   0.0009, 0
A,  413, THR,  0.9304,   0.1391,   0.1229, 0
A,  414, GLY,  0.2502,  -0.2400,   0.0101, 0
A,  415, GLU,  0.9878,   0.1712,   0.1377, 2
A,  416, ASN,  0.0747,  -0.3378,   0.0016, 0
A,  417, VAL,  0.2765,  -0.2253,   0.0121, 0
A,  418, THR,  0.0490,  -0.3522,   0.0010, 0
A,  419, GLU,  0.1569,  -0.2920,   0.0046, 0
A,  420, CYS,  0.0000,  -0.3795,   0.0002, 0
A,  421, LEU,  0.3246,  -0.1985,   0.0161, 0
A,  422, GLY,  0.6540,  -0.0149,   0.0607, 0
A,  423, GLY,  0.8308,   0.0836,   0.0984, 0
A,  424, ALA,  0.7040,   0.0129,   0.0705, 0
A,  425, GLN,  0.2340,  -0.2490,   0.0090, 0
A,  426, ASP,  0.3860,  -0.1643,   0.0221, 0
A,  427, ILE,  0.2104,  -0.2622,   0.0075, 0
A,  428, SER,  0.0435,  -0.3552,   0.0009, 0
A,  429, GLU,  0.0500,  -0.3516,   0.0010, 0
A,  430, THR,  0.0120,  -0.3727,   0.0004, 0
A,  431, ASP,  0.0424,  -0.3558,   0.0009, 0
A,  432, LEU,  0.0126,  -0.3724,   0.0004, 0
A,  433, ALA,  0.0278,  -0.3640,   0.0006, 0
A,  434, GLY,  0.0086,  -0.3747,   0.0003, 0
A,  435, ARG,  0.1091,  -0.3186,   0.0027, 0
A,  436, TYR,  0.3606,  -0.1785,   0.0195, 0
A,  437, GLU,  1.1550,   0.2644,   0.1836, 2
A,  438, THR,  0.9206,   0.1337,   0.1204, 0
A,  439, ALA,  0.6458,  -0.0195,   0.0593, 2
A,  440, CYS,  2.0544,   0.7656,   0.4261, 1
A,  441, ASP,  6.9284,   3.4825,   0.9152, 1
A,  442, PRO,  0.0063,  -0.3759,   0.0003, 0
A,  443, ARG,  1.0008,   0.1784,   0.1411, 2
A,  444, LEU,  0.0000,  -0.3795,   0.0002, 0
A,  445, ASN,  0.0778,  -0.3361,   0.0017, 0
A,  446, THR,  0.4860,  -0.1086,   0.0340, 0
A,  447, GLN,  0.4123,  -0.1497,   0.0249, 0
A,  448, GLN,  0.0390,  -0.3577,   0.0008, 0
A,  449, SER,  0.0000,  -0.3795,   0.0002, 0
A,  450, LEU,  0.3181,  -0.2022,   0.0155, 0
A,  451, GLU,  0.6508,  -0.0167,   0.0602, 0
A,  452, LEU,  0.0000,  -0.3795,   0.0002, 0
A,  453, ALA,  0.0000,  -0.3795,   0.0002, 0
A,  454, PHE,  0.0056,  -0.3763,   0.0003, 0
A,  455, LEU,  0.5160,  -0.0919,   0.0382, 0
A,  456, VAL,  0.0046,  -0.3769,   0.0003, 0
A,  457, ALA,  0.0022,  -0.3782,   0.0003, 0
A,  458, GLU,  0.0505,  -0.3513,   0.0010, 0
A,  459, MET,  0.1019,  -0.3227,   0.0024, 0
A,  460, LEU,  0.3375,  -0.1913,   0.0173, 6
A,  461, ARG,  0.0750,  -0.3376,   0.0016, 0
A,  462, ASP,  0.0544,  -0.3491,   0.0011, 0
